M 37 5
$ 45 5
$ 46 5
R 10 5 40 1
R 55 5 10 1
M 37 6
$ 45 6
$ 46 6
R 10 6 40 1
S 57 6
S 60 6
R 55 6 10 1
M 37 7
M 38 7
$ 45 7
$ 46 7
R 10 7 40 1
R 55 7 10 1
R 10 8 7 1
R 55 8 10 1
R 10 9 40 1
R 55 9 10 1
M 15 10
E 64 10
R 10 10 55 1
R 10 11 7 1
R 55 11 10 1
M 27 12
R 10 12 40 1
S 57 12
R 55 12 10 1
R 10 13 40 1
R 55 13 10 1
S 47 14
R 46 14 4 1
R 55 14 10 1
R 10 15 40 1
R 10 16 1 1
R 10 17 1 1
A 12 17
M 19 17
R 12 17 38 1
R 10 18 1 1
$ 12 18
S 23 18
R 12 18 16 1
R 47 18 3 1
R 10 19 1 1
R 29 19 21 1
@ 20 20
R 10 20 40 1
R 10 21 40 1
R 10 22 40 1
S 22 23
R 10 23 40 1
R 10 24 40 1
